990
1000
995
1000
995
1000
1005
990
995
1000
990
995
1005
1005
995
1990
1990
1990
1990
1985
1995
1995
2000
2005
1990
2000
2005
1995
1990
2005
1990
2005
1995
2005
2000
1995
1990
2000
1995
2000
2005
2005
2005
2005
1990
3010
3005
2985
3000
3010
2985
2990
3000
2995
2995
3005
2990
3010
3000
3000
3000
2995
2990
3005
3010
2995
2990
3005
2990
3005
2990
3000
2995
2985
2990
2990
2995
2985
2990
2990
2985
3005
3005
2990
3005
2990
3000
3010
2995
3000
3005
3005
2995
2995
2985
3005
3010
2985
2985
2985
3010
2995
2995
3000
3000
2980
3000
995
990
2005
1005
2005
995
2990
2985
3000
1000
2005
2985
2000
2000
995
995
1990
995
2990
1005
1990
3005
1000
1005
2000
1990
2995
1995
995
3005
1995
2985
2990
1995
1000
2995
1990
995
2005
1005
995
2005
2985
2000
2995
1000
1000
1995
1005
1005
1000
2990
1995
1000
1990
2005
3000
2000
1995
2995
2990
2005
2005
2995
2000
5
5
5
5
5
5
5
5
5
5
5
5
5
5
5
5
5
5
